	LateSpring	Midsummer	LateSummer	Offseason
sp1	0	0	20	0
sp2	0	7	1	0
sp3	0	2	0	0
sp4	0	0	4	1
sp5	0	0	2	0
sp6	0	15	1	0
sp7	0	1	0	1
sp8	11	1	12	0
sp9	4	5	0	2
sp10	7	20	14	1
sp11	0	0	2	0
sp12	5	0	0	0
sp13	0	0	32	0
sp14	0	0	3	0
sp15	13	5	0	2
sp16	0	0	4	0
sp17	0	0	5	0
sp18	2	7	1	0
sp19	1	6	0	0
sp20	1	0	0	0
sp21	23	0	0	0
sp22	9	70	0	2
sp23	0	10	7	0
sp24	0	9	15	0
sp25	0	5	4	0
sp26	3	5	1	0
sp27	0	3	0	0
sp28	0	0	3	0
sp29	0	3	1	0
sp30	0	0	22	0
sp31	16	4	1	1
sp32	1	0	1	0
sp33	1	1	10	0
sp34	8	5	0	0
sp35	10	1	1	0
sp36	0	2	38	0
sp37	0	0	32	0
sp38	0	0	3	0
sp39	0	33	1	1
sp40	4	4	0	2
sp41	3	4	1	0
sp42	438	277	63	71
sp43	0	154	0	1
sp44	40	28	42	1
sp45	157	208	1	14
sp46	0	1	1	0
sp47	2	13	0	0
sp48	0	0	1	0
sp49	12	0	0	2
sp50	72	25	15	5
sp51	111	17	14	2
sp52	0	0	1	0
sp53	0	0	0	11
sp54	208	159	160	69
sp55	0	2	0	0
sp56	0	119	5	51
sp57	0	0	127	3
sp58	21	60	31	1
sp59	1	3	0	0
sp60	7	0	0	2
sp61	147	74	17	0
sp62	0	0	3	0
sp63	0	3	6	0
sp64	10	6	9	0
sp65	374	31	24	3
sp66	1	10	1	0
sp67	1	1	3	0
sp68	2	0	0	0
sp69	238	299	290	40
sp70	62	19	2	1
sp71	44	19	10	0
sp72	5	7	2	0
sp73	0	5	11	1
sp74	0	7	1	0
sp75	20	24	0	5
sp76	0	9	2	0
sp77	56	24	6	7
sp78	0	0	7	36
sp79	2	29	0	0
sp80	46	7	1	0
sp81	2	11	1	0
sp82	2	11	0	1
sp83	0	4	0	0
sp84	5	81	141	4
sp85	6	22	0	0
sp86	86	28	13	24
sp87	1	7	0	1
sp88	1	0	0	1
sp89	16	11	16	21
sp90	0	0	17	0
sp91	30	5	5	16
sp92	0	10	0	8
sp93	9	0	0	0
sp94	3	0	7	2
sp95	49	63	12	24
sp96	0	0	1	0
sp97	0	0	187	0
sp98	0	0	4	0
sp99	0	8	44	0
sp100	147	35	20	0
sp101	11	0	2	2
sp102	13	18	20	22
sp103	0	37	34	1
sp104	0	12	5	0
sp105	18	0	0	0
sp106	98	38	34	6
sp107	3	0	2	1
sp108	15	5	0	17
sp109	0	9	10	2
sp110	9	7	0	0
sp111	0	0	772	8
sp112	0	2	6	0
sp113	97	26	27	3
sp114	0	2	0	0
sp115	6	0	0	0
sp116	0	1	28	0
sp117	17	58	22	2
sp118	21	6	3	2
sp119	0	1	4	0
sp120	0	3	2	0
sp121	0	8	3	1
sp122	0	0	3	0
sp123	12	2	0	1
sp124	7	31	0	1
sp125	4	3	2	0
sp126	5	43	0	2
sp127	5	0	0	0
sp128	0	9	7	0
sp129	150	62	44	2
sp130	113	54	17	2
sp131	9	7	5	0
sp132	18	8	0	4
sp133	0	1	0	22
sp134	0	8	0	0
sp135	4	1	0	0
sp136	34	11	4	54
sp137	3	2	1	1
sp138	68	0	0	0
sp139	0	2	19	2
sp140	0	0	1	0
sp141	7	1	0	0
sp142	0	11	10	4
sp143	0	0	0	49
sp144	0	4	1	1
sp145	1	12	15	1
sp146	165	13	1	0
sp147	10	1	0	1
sp148	2	1	2	0
sp149	0	2	0	0
sp150	0	0	1	0
sp151	0	3	0	1
sp152	0	3	6	0
sp153	23	17	12	1
sp154	0	2	1	0
sp155	24	18	1	0
sp156	38	44	0	2
sp157	27	35	27	8
sp158	90	107	0	33
sp159	1	2	10	0
sp160	32	6	0	18
sp161	13	3	1	31
sp162	11	5	0	1
sp163	13	4	1	1
sp164	0	2	3	0
sp165	11	6	0	0
sp166	4	0	0	0
sp167	0	0	2	0
sp168	0	0	112	0
sp169	1	1	2	0
sp170	0	1	1	1
sp171	0	0	1	11
sp172	0	0	5	0
sp173	0	1	2	0
sp174	0	2	0	1
sp175	0	0	9	0
sp176	0	0	25	0
sp177	178	42	0	0
sp178	0	1	0	0
sp179	0	0	2	1
sp180	0	0	2	0
sp181	50	13	11	2
sp182	19	5	44	77
sp183	9	15	3	0
sp184	96	37	27	37
sp185	6	3	3	2
sp186	216	205	73	77
sp187	96	96	26	26
sp188	103	32	25	3
sp189	2	5	7	1
sp190	38	51	200	0
sp191	0	3	0	1
sp192	2	1	1	0
sp193	0	2	3	0
sp194	333	2	1	0
sp195	0	3	7	0
sp196	3	9	20	0
sp197	0	0	5	0
sp198	1	15	2	0
sp199	0	0	8	0
sp200	16	50	25	1
sp201	9	2	7	1
sp202	0	3	1	0
sp203	1	0	1	1
sp204	0	1	12	118
sp205	1608	1335	416	735
sp206	1	6	7	1
sp207	107	68	32	0
sp208	11	0	0	0
sp209	5	49	62	96
sp210	0	4	15	1
sp211	1	0	0	0
sp212	38	53	18	0
sp213	33	4	0	0
sp214	60	41	29	14
sp215	757	2765	126	392
sp216	0	0	1	0
sp217	2	0	0	0
sp218	0	0	0	1
sp219	0	1	0	1
sp220	0	0	1	0
sp221	0	1	0	0
sp222	0	1	0	0
sp223	0	0	3	0
sp224	1	0	2	0
sp225	0	8	1	0
sp226	0	0	1	0
sp227	0	0	1	0
sp228	0	0	1	0
sp229	0	1	0	0
sp230	0	1	1	0
sp231	0	0	2	0
sp232	1	0	0	0
sp233	0	1	0	0
sp234	0	1	0	0
sp235	0	0	1	0
sp236	0	0	4	0
sp237	0	2	0	0
sp238	0	1	0	0
sp239	1	0	0	0
sp240	0	0	3	0
sp241	0	0	1	0
sp242	0	1	0	0
sp243	0	2	1	0
sp244	0	0	4	0
sp245	0	0	0	1
sp246	0	0	0	1
sp247	0	0	1	0
sp248	0	0	2	0
sp249	0	0	4	0
sp250	0	1	0	0
sp251	0	0	1	0
sp252	0	0	1	0
sp253	1	0	0	0
sp254	0	1	0	0
sp255	0	0	1	0
sp256	0	0	2	0
sp257	0	0	1	0
sp258	0	1	0	0
sp259	1	0	0	0
sp260	0	1	0	0
sp261	0	92	9	1
sp262	0	0	1	0
sp263	0	0	0	1
sp264	12	0	0	0
sp265	1	2	0	0
sp266	0	1	0	0
sp267	1	0	0	0
sp268	12	1	1	1
sp269	0	5	0	0
sp270	0	0	1	0
sp271	0	0	1	0
sp272	0	10	169	6
sp273	6	8	2	2
sp274	2	0	1	0
sp275	1	0	0	0
sp276	0	1	0	0
sp277	1	0	2	1
sp278	2	0	0	0
sp279	0	3	100	0
sp280	1	1	0	0
sp281	0	1	0	0
sp282	0	1	0	0
sp283	19	3	0	0
sp284	1	5	2	0
sp285	0	5	21	0
sp286	0	1	1	0
sp287	0	0	2	0
sp288	9	0	0	0
sp289	0	0	7	1
sp290	5	4	0	0
sp291	12	2	4	0
sp292	0	0	1	0
sp293	0	1	2	0
sp294	16	2	3	0
sp295	2	15	6	7
sp296	0	0	0	1
sp297	0	0	1	0
sp298	0	0	1	0
sp299	0	0	2	0
sp300	0	0	1	2
sp301	1	3	0	0
sp302	0	1	0	0
sp303	0	0	3	1
sp304	0	0	3	0
sp305	0	1	0	0
sp306	9	13	17	2
sp307	0	0	0	1
sp308	0	17	2	0
sp309	1	0	0	0
sp310	1	0	0	0
sp311	0	1	0	0
sp312	0	0	3	3
sp313	0	1	1	1
sp314	0	0	5	1
sp315	11	2	0	0
sp316	0	1	0	0
sp317	17	0	0	1
sp318	0	0	1	0
sp319	0	4	14	0
sp320	2	2	0	0
sp321	0	0	1	0
sp322	0	0	1	0
sp323	1	0	1	0
sp324	0	12	7	1
sp325	7	0	0	0
sp326	0	0	1	0
sp327	3	0	0	0
sp328	4	0	0	0
sp329	0	0	2	0
sp330	2	1	0	1
sp331	37	18	5	0
sp332	0	0	5	0
sp333	0	0	0	1
sp334	0	0	1	0
sp335	6	1	0	0
sp336	0	0	2	0
sp337	0	1	0	3
sp338	0	1	0	0
sp339	0	0	1	0
sp340	1	0	0	0
sp341	3	1	0	0
sp342	15	11	18	1
sp343	0	1	5	0
sp344	0	0	2	0
sp345	24	7	0	0
sp346	3	5	2	2
sp347	1	1	0	0
sp348	13	0	0	0
sp349	0	0	10	0
sp350	4	0	0	0
sp351	0	0	0	1
sp352	0	1	0	0
sp353	0	1	0	0
sp354	0	1	0	0
sp355	2	0	0	0
sp356	0	2	1	0
sp357	0	11	1	0
sp358	0	1	2	0
sp359	2	3	0	4
sp360	2	5	0	0
sp361	0	1	0	0
sp362	4	1	6	0
sp363	0	1	1	0
sp364	0	1	0	0
sp365	4	0	2	2
sp366	0	6	6	1
sp367	0	0	1	0
sp368	0	0	1	0
sp369	2	1	0	0
sp370	0	0	2	0
sp371	11	0	0	0
sp372	0	4	0	0
sp373	1	2	0	0
sp374	1	1	0	0
sp375	0	2	3	0
sp376	0	1	10	0
sp377	0	1	1	0
sp378	11	0	0	0
sp379	0	14	0	5
sp380	0	2	0	0
sp381	0	1	0	0
sp382	0	1	0	0
sp383	0	0	7	0
sp384	0	1	2	0
sp385	1	1	4	0
sp386	0	0	1	0
sp387	0	2	0	0
sp388	14	15	4	8
sp389	356	94	142	151
sp390	64	38	83	13
sp391	17	7	0	4
sp392	0	53	1	0
sp393	7	2	0	11
sp394	0	2	1	0
sp395	178	229	88	5
sp396	28	10	3	17
sp397	41	69	17	0
sp398	12	204	127	24
sp399	2	5	7	1
sp400	236	23	45	2
sp401	57	230	23	123
sp402	0	6	2	1
sp403	44	11	23	7
sp404	0	4	2	0
sp405	11	5	2	2
sp406	13	0	0	0
sp407	0	17	7	0
sp408	17	28	0	38
sp409	3	5	2	0
sp410	35	1	0	6
sp411	1	0	0	0
sp412	5	11	12	30
sp413	0	0	0	1
sp414	0	3	2	0
sp415	0	0	46	0
sp416	4	6	2	0
sp417	0	0	0	22
sp418	82	83	19	16
sp419	0	0	7	1
sp420	45	3	3	4
sp421	0	0	1	0
sp422	0	36	0	0
sp423	10	9	11	1
sp424	0	10	2	0
sp425	72	9	11	4
sp426	43	23	16	0
sp427	24	7	16	3
sp428	0	2	3	3
sp429	0	0	2	2
sp430	0	1	0	0
sp431	356	16	2	0
sp432	5	12	4	7
sp433	5	0	0	0
sp434	4	4	0	2
sp435	0	4	4	0
sp436	21	6	6	0
sp437	28	14	8	0
sp438	52	37	1	0
sp439	0	2	26	0
sp440	20	3	1	0
sp441	0	42	0	0
sp442	0	0	23	0
sp443	18	1	0	2
sp444	15	12	13	5
sp445	1	0	0	0
sp446	0	7	0	1
sp447	0	5	0	1
sp448	162	6	1	0
sp449	4	8	46	3
sp450	27	0	0	0
sp451	10	39	3	18
sp452	3	0	0	1
sp453	0	1	0	0
sp454	1	9	5	0
sp455	5	6	7	0
sp456	0	3	1	0
sp457	1	0	0	0
sp458	14	5	1	0
sp459	5	13	9	1
sp460	1	0	0	0
sp461	5	0	0	0
sp462	0	7	1	0
sp463	0	0	4	0
sp464	0	4	0	0
sp465	0	1	54	0
sp466	0	14	5	0
sp467	9	2	1	1
sp468	75	26	8	18
sp469	16	1	1	0
sp470	105	7	2	1
sp471	32	4	0	1
sp472	0	10	5	0
sp473	3	5	1	3
sp474	11	5	0	0
sp475	20	29	5	0
sp476	1	7	9	8
sp477	0	0	0	12
sp478	3	8	14	0
sp479	18	8	1	1
sp480	17	10	22	1
sp481	0	1	0	1
sp482	20	3	0	0
sp483	1	14	11	5
sp484	0	0	4	0
sp485	8	1	1	1
sp486	5	11	1	10
sp487	3	1	0	0
sp488	0	0	5	0
sp489	2	16	0	0
sp490	0	1	6	0
sp491	7	6	3	0
sp492	103	33	4	13
sp493	42	13	35	2
sp494	240	18	6	28
sp495	0	0	46	14
sp496	44	53	0	2
sp497	29	10	7	0
sp498	36	12	9	2
sp499	0	2	3	0
sp500	18	0	0	0
sp501	0	0	0	9
sp502	26	4	0	0
sp503	89	80	9	298
sp504	2	17	38	1
sp505	188	24	3	9
sp506	1	0	0	3
sp507	1	2	0	2
sp508	0	5	1	0
sp509	6	4	2	0
sp510	29	11	1	0
sp511	0	1	0	0
sp512	0	6	0	0
sp513	1	9	0	0
sp514	0	15	2	1
sp515	0	41	98	0
sp516	16	11	12	0
sp517	8	14	97	11
sp518	5	1	1	2
sp519	11	0	0	0
sp520	0	4	0	0
sp521	2	4	0	0
sp522	3	8	0	0
sp523	1	5	0	1
sp524	1	17	1	2
sp525	0	2	32	0
sp526	7	29	0	1
sp527	13	2	1	0
sp528	0	0	1	0
sp529	3	23	1	6
sp530	3	9	0	2
sp531	0	0	0	8
sp532	86	25	0	3
sp533	0	5	0	1
sp534	0	2	6	0
sp535	11	0	1	0
sp536	0	13	8	0
sp537	64	16	0	0
sp538	16	16	3	0
sp539	25	8	0	0
sp540	0	0	7	0
sp541	1	1	0	0
sp542	0	16	0	4
sp543	0	0	7	0
sp544	1	5	2	0
sp545	18	0	0	0
sp546	0	1	0	0
sp547	0	4	0	0
sp548	0	5	0	0
sp549	0	3	3	0